all_cpu_busy-cpu_00=38.721250
all_cpu_busy-cpu_01=35.826250
all_cpu_busy-cpu_02=36.007500
all_cpu_busy-cpu_03=35.926250
all_cpu_busy-cpu_04=36.427500
all_cpu_busy-cpu_05=34.902500
all_cpu_busy-cpu_06=33.490000
all_cpu_busy-cpu_07=34.318750
all_cpu_busy-cpu_08=28.826250
all_cpu_busy-cpu_09=29.987500
all_cpu_busy-cpu_10=33.262500
all_cpu_busy-cpu_11=28.406250
all_cpu_busy-cpu_12=26.356250
all_cpu_busy-cpu_13=36.406250
all_cpu_busy-cpu_14=32.488750
all_cpu_busy-cpu_15=29.142500
frequency_MHz-cpu_00=2400.080000
frequency_MHz-cpu_01=2400.080000
frequency_MHz-cpu_02=2400.080000
frequency_MHz-cpu_03=2400.080000
frequency_MHz-cpu_04=2400.080000
frequency_MHz-cpu_05=2400.080000
frequency_MHz-cpu_06=2400.080000
frequency_MHz-cpu_07=2400.080000
frequency_MHz-cpu_08=2400.080000
frequency_MHz-cpu_09=2400.080000
frequency_MHz-cpu_10=2400.080000
frequency_MHz-cpu_11=2400.080000
frequency_MHz-cpu_12=2400.080000
frequency_MHz-cpu_13=2400.080000
frequency_MHz-cpu_14=2400.080000
frequency_MHz-cpu_15=2400.080000
