cpu_00-gnice=0.000000
cpu_00-guest=0.000000
cpu_00-idle=60.177500
cpu_00-iowait=0.612500
cpu_00-irq=0.000000
cpu_00-nice=0.000000
cpu_00-soft=0.218750
cpu_00-steal=0.482500
cpu_00-sys=4.642500
cpu_00-usr=33.860000
cpu_01-gnice=0.000000
cpu_01-guest=0.000000
cpu_01-idle=63.035000
cpu_01-iowait=0.788750
cpu_01-irq=0.000000
cpu_01-nice=0.000000
cpu_01-soft=0.218750
cpu_01-steal=0.350000
cpu_01-sys=4.466250
cpu_01-usr=31.141250
cpu_02-gnice=0.000000
cpu_02-guest=0.000000
cpu_02-idle=62.856250
cpu_02-iowait=0.653750
cpu_02-irq=0.000000
cpu_02-nice=0.000000
cpu_02-soft=0.217500
cpu_02-steal=0.482500
cpu_02-sys=4.312500
cpu_02-usr=31.477500
cpu_03-gnice=0.000000
cpu_03-guest=0.000000
cpu_03-idle=62.667500
cpu_03-iowait=0.877500
cpu_03-irq=0.000000
cpu_03-nice=0.000000
cpu_03-soft=0.217500
cpu_03-steal=0.526250
cpu_03-sys=4.036250
cpu_03-usr=31.672500
cpu_04-gnice=0.000000
cpu_04-guest=0.000000
cpu_04-idle=62.560000
cpu_04-iowait=0.615000
cpu_04-irq=0.000000
cpu_04-nice=0.000000
cpu_04-soft=0.217500
cpu_04-steal=0.396250
cpu_04-sys=4.130000
cpu_04-usr=32.080000
cpu_05-gnice=0.000000
cpu_05-guest=0.000000
cpu_05-idle=63.961250
cpu_05-iowait=0.610000
cpu_05-irq=0.000000
cpu_05-nice=0.000000
cpu_05-soft=0.173750
cpu_05-steal=0.523750
cpu_05-sys=4.358750
cpu_05-usr=30.370000
cpu_06-gnice=0.000000
cpu_06-guest=0.000000
cpu_06-idle=65.195000
cpu_06-iowait=0.832500
cpu_06-irq=0.000000
cpu_06-nice=0.000000
cpu_06-soft=0.175000
cpu_06-steal=0.483750
cpu_06-sys=4.596250
cpu_06-usr=28.718750
cpu_07-gnice=0.000000
cpu_07-guest=0.000000
cpu_07-idle=64.493750
cpu_07-iowait=0.702500
cpu_07-irq=0.000000
cpu_07-nice=0.000000
cpu_07-soft=0.218750
cpu_07-steal=0.482500
cpu_07-sys=4.517500
cpu_07-usr=29.582500
cpu_08-gnice=0.000000
cpu_08-guest=0.000000
cpu_08-idle=70.477500
cpu_08-iowait=0.430000
cpu_08-irq=0.000000
cpu_08-nice=0.000000
cpu_08-soft=0.170000
cpu_08-steal=0.257500
cpu_08-sys=4.753750
cpu_08-usr=23.902500
cpu_09-gnice=0.000000
cpu_09-guest=0.000000
cpu_09-idle=69.190000
cpu_09-iowait=0.432500
cpu_09-irq=0.000000
cpu_09-nice=0.000000
cpu_09-soft=0.171250
cpu_09-steal=0.387500
cpu_09-sys=4.506250
cpu_09-usr=25.310000
cpu_10-gnice=0.000000
cpu_10-guest=0.000000
cpu_10-idle=66.127500
cpu_10-iowait=0.346250
cpu_10-irq=0.000000
cpu_10-nice=0.000000
cpu_10-soft=0.172500
cpu_10-steal=0.258750
cpu_10-sys=4.670000
cpu_10-usr=28.420000
cpu_11-gnice=0.000000
cpu_11-guest=0.000000
cpu_11-idle=70.990000
cpu_11-iowait=0.346250
cpu_11-irq=0.000000
cpu_11-nice=0.000000
cpu_11-soft=0.130000
cpu_11-steal=0.260000
cpu_11-sys=4.360000
cpu_11-usr=23.916250
cpu_12-gnice=0.000000
cpu_12-guest=0.000000
cpu_12-idle=70.163750
cpu_12-iowait=2.993750
cpu_12-irq=0.000000
cpu_12-nice=0.000000
cpu_12-soft=0.132500
cpu_12-steal=0.490000
cpu_12-sys=5.376250
cpu_12-usr=20.847500
cpu_13-gnice=0.000000
cpu_13-guest=0.000000
cpu_13-idle=63.075000
cpu_13-iowait=0.301250
cpu_13-irq=0.000000
cpu_13-nice=0.000000
cpu_13-soft=0.086250
cpu_13-steal=0.216250
cpu_13-sys=4.773750
cpu_13-usr=31.546250
cpu_14-gnice=0.000000
cpu_14-guest=0.000000
cpu_14-idle=66.946250
cpu_14-iowait=0.346250
cpu_14-irq=0.000000
cpu_14-nice=0.000000
cpu_14-soft=0.128750
cpu_14-steal=0.216250
cpu_14-sys=5.586250
cpu_14-usr=26.773750
cpu_15-gnice=0.000000
cpu_15-guest=0.000000
cpu_15-idle=70.163750
cpu_15-iowait=0.347500
cpu_15-irq=0.000000
cpu_15-nice=0.000000
cpu_15-soft=0.172500
cpu_15-steal=0.347500
cpu_15-sys=4.943750
cpu_15-usr=24.026250
