all_cpu_busy-cpu_00=33.355000
all_cpu_busy-cpu_01=36.558750
all_cpu_busy-cpu_02=34.988750
all_cpu_busy-cpu_03=33.395000
all_cpu_busy-cpu_04=34.892500
all_cpu_busy-cpu_05=31.692500
all_cpu_busy-cpu_06=34.408750
all_cpu_busy-cpu_07=37.621250
all_cpu_busy-cpu_08=33.411250
all_cpu_busy-cpu_09=31.160000
all_cpu_busy-cpu_10=30.423750
all_cpu_busy-cpu_11=31.157500
all_cpu_busy-cpu_12=27.268750
all_cpu_busy-cpu_13=30.522500
all_cpu_busy-cpu_14=31.833750
all_cpu_busy-cpu_15=24.316250
frequency_MHz-cpu_00=2400.080000
frequency_MHz-cpu_01=2400.080000
frequency_MHz-cpu_02=2400.080000
frequency_MHz-cpu_03=2400.080000
frequency_MHz-cpu_04=2400.080000
frequency_MHz-cpu_05=2400.080000
frequency_MHz-cpu_06=2400.080000
frequency_MHz-cpu_07=2400.080000
frequency_MHz-cpu_08=2400.080000
frequency_MHz-cpu_09=2400.080000
frequency_MHz-cpu_10=2400.080000
frequency_MHz-cpu_11=2400.080000
frequency_MHz-cpu_12=2400.080000
frequency_MHz-cpu_13=2400.080000
frequency_MHz-cpu_14=2400.080000
frequency_MHz-cpu_15=2400.080000
