cpu_00-gnice=0.000000
cpu_00-guest=0.000000
cpu_00-idle=65.362500
cpu_00-iowait=0.753750
cpu_00-irq=0.000000
cpu_00-nice=0.000000
cpu_00-soft=0.176250
cpu_00-steal=0.530000
cpu_00-sys=3.846250
cpu_00-usr=29.332500
cpu_01-gnice=0.000000
cpu_01-guest=0.000000
cpu_01-idle=62.211250
cpu_01-iowait=0.788750
cpu_01-irq=0.000000
cpu_01-nice=0.000000
cpu_01-soft=0.262500
cpu_01-steal=0.437500
cpu_01-sys=3.735000
cpu_01-usr=32.561250
cpu_02-gnice=0.000000
cpu_02-guest=0.000000
cpu_02-idle=63.733750
cpu_02-iowait=0.836250
cpu_02-irq=0.000000
cpu_02-nice=0.000000
cpu_02-soft=0.173750
cpu_02-steal=0.441250
cpu_02-sys=4.650000
cpu_02-usr=30.165000
cpu_03-gnice=0.000000
cpu_03-guest=0.000000
cpu_03-idle=65.371250
cpu_03-iowait=0.750000
cpu_03-irq=0.000000
cpu_03-nice=0.000000
cpu_03-soft=0.262500
cpu_03-steal=0.483750
cpu_03-sys=4.270000
cpu_03-usr=28.862500
cpu_04-gnice=0.000000
cpu_04-guest=0.000000
cpu_04-idle=63.830000
cpu_04-iowait=0.836250
cpu_04-irq=0.000000
cpu_04-nice=0.000000
cpu_04-soft=0.220000
cpu_04-steal=0.438750
cpu_04-sys=4.147500
cpu_04-usr=30.525000
cpu_05-gnice=0.000000
cpu_05-guest=0.000000
cpu_05-idle=67.075000
cpu_05-iowait=0.837500
cpu_05-irq=0.000000
cpu_05-nice=0.000000
cpu_05-soft=0.218750
cpu_05-steal=0.395000
cpu_05-sys=4.056250
cpu_05-usr=27.417500
cpu_06-gnice=0.000000
cpu_06-guest=0.000000
cpu_06-idle=64.446250
cpu_06-iowait=0.662500
cpu_06-irq=0.000000
cpu_06-nice=0.000000
cpu_06-soft=0.176250
cpu_06-steal=0.485000
cpu_06-sys=4.313750
cpu_06-usr=29.918750
cpu_07-gnice=0.000000
cpu_07-guest=0.000000
cpu_07-idle=61.410000
cpu_07-iowait=0.661250
cpu_07-irq=0.000000
cpu_07-nice=0.000000
cpu_07-soft=0.308750
cpu_07-steal=0.308750
cpu_07-sys=4.097500
cpu_07-usr=33.215000
cpu_08-gnice=0.000000
cpu_08-guest=0.000000
cpu_08-idle=65.982500
cpu_08-iowait=0.346250
cpu_08-irq=0.000000
cpu_08-nice=0.000000
cpu_08-soft=0.173750
cpu_08-steal=0.260000
cpu_08-sys=4.677500
cpu_08-usr=28.560000
cpu_09-gnice=0.000000
cpu_09-guest=0.000000
cpu_09-idle=68.232500
cpu_09-iowait=0.345000
cpu_09-irq=0.000000
cpu_09-nice=0.000000
cpu_09-soft=0.128750
cpu_09-steal=0.258750
cpu_09-sys=4.415000
cpu_09-usr=26.616250
cpu_10-gnice=0.000000
cpu_10-guest=0.000000
cpu_10-idle=68.798750
cpu_10-iowait=0.432500
cpu_10-irq=0.000000
cpu_10-nice=0.000000
cpu_10-soft=0.128750
cpu_10-steal=0.345000
cpu_10-sys=4.917500
cpu_10-usr=25.377500
cpu_11-gnice=0.000000
cpu_11-guest=0.000000
cpu_11-idle=68.150000
cpu_11-iowait=0.346250
cpu_11-irq=0.000000
cpu_11-nice=0.000000
cpu_11-soft=0.131250
cpu_11-steal=0.347500
cpu_11-sys=3.903750
cpu_11-usr=27.122500
cpu_12-gnice=0.000000
cpu_12-guest=0.000000
cpu_12-idle=72.121250
cpu_12-iowait=0.348750
cpu_12-irq=0.000000
cpu_12-nice=0.000000
cpu_12-soft=0.173750
cpu_12-steal=0.260000
cpu_12-sys=4.515000
cpu_12-usr=22.580000
cpu_13-gnice=0.000000
cpu_13-guest=0.000000
cpu_13-idle=68.871250
cpu_13-iowait=0.345000
cpu_13-irq=0.000000
cpu_13-nice=0.000000
cpu_13-soft=0.216250
cpu_13-steal=0.260000
cpu_13-sys=4.336250
cpu_13-usr=25.970000
cpu_14-gnice=0.000000
cpu_14-guest=0.000000
cpu_14-idle=67.605000
cpu_14-iowait=0.346250
cpu_14-irq=0.000000
cpu_14-nice=0.000000
cpu_14-soft=0.172500
cpu_14-steal=0.217500
cpu_14-sys=3.897500
cpu_14-usr=27.763750
cpu_15-gnice=0.000000
cpu_15-guest=0.000000
cpu_15-idle=71.863750
cpu_15-iowait=3.193750
cpu_15-irq=0.000000
cpu_15-nice=0.000000
cpu_15-soft=0.090000
cpu_15-steal=0.628750
cpu_15-sys=5.335000
cpu_15-usr=18.891250
